RD,TS_received,TS_sent,AK,RoundTrip,
23154,23159,2019-12-06_16-47-08-965941,23162,5,
28508,28514,2019-12-06_16-47-15-328192,28518,6,
33616,33622,2019-12-06_16-47-21-402332,33625,6,
38724,38728,2019-12-06_16-47-27-489626,38732,4,
43832,43837,2019-12-06_16-47-33-559763,43840,5,
48940,48946,2019-12-06_16-47-39-644876,48950,6,
54048,54128,2019-12-06_16-47-45-816914,54131,80,
59156,59175,2019-12-06_16-47-51-824491,59178,19,
64264,64272,2019-12-06_16-47-57-868426,64275,8,
69372,69378,2019-12-06_16-48-03-953218,69381,6,
74480,74486,2019-12-06_16-48-10-048888,74489,6,
79588,79596,2019-12-06_16-48-16-134032,79599,8,
84696,84703,2019-12-06_16-48-22-219774,84706,7,
89804,89811,2019-12-06_16-48-28-288082,89815,7,
94912,94918,2019-12-06_16-48-34-362534,94921,6,
100020,100027,2019-12-06_16-48-40-465305,100030,7,
105128,105134,2019-12-06_16-48-46-541747,105137,6,
110236,110241,2019-12-06_16-48-52-620732,110244,5,
115344,115351,2019-12-06_16-48-58-681160,115354,7,
120452,120488,2019-12-06_16-49-04-789046,120491,36,
125560,125567,2019-12-06_16-49-10-847933,125570,7,
130668,130676,2019-12-06_16-49-16-918923,130679,8,
135875,135889,2019-12-06_16-49-23-117813,135894,14,
140983,140990,2019-12-06_16-49-29-182300,140995,7,
146091,146147,2019-12-06_16-49-35-330302,146151,56,
151199,151213,2019-12-06_16-49-41-358415,151217,14,
156307,156314,2019-12-06_16-49-47-443826,156317,7,
161415,161423,2019-12-06_16-49-53-511272,161427,8,
166523,166530,2019-12-06_16-49-59-586984,166533,7,
171631,171639,2019-12-06_16-50-05-659693,171642,8,
176739,176785,2019-12-06_16-50-11-782126,176788,46,
181847,181854,2019-12-06_16-50-17-816082,181858,7,
186955,186962,2019-12-06_16-50-23-899611,186966,7,
192063,192071,2019-12-06_16-50-29-987581,192074,8,
197171,197178,2019-12-06_16-50-36-057280,197181,7,
202279,202285,2019-12-06_16-50-42-131458,202289,6,
207387,207394,2019-12-06_16-50-48-203044,207397,7,
212495,212519,2019-12-06_16-50-54-304498,212522,24,
217603,217612,2019-12-06_16-51-00-368953,217615,9,
222711,222718,2019-12-06_16-51-06-439343,222721,7,
227819,227825,2019-12-06_16-51-12-521445,227829,6,
232927,232933,2019-12-06_16-51-18-598962,232937,6,
238035,238202,2019-12-06_16-51-24-834403,238205,167,
243143,243186,2019-12-06_16-51-30-799210,243189,43,
248251,248259,2019-12-06_16-51-36-841713,248262,8,
253359,253366,2019-12-06_16-51-42-916717,253369,7,
258467,258475,2019-12-06_16-51-48-987153,258478,8,
263575,263581,2019-12-06_16-51-55-056268,263584,6,
268683,268689,2019-12-06_16-52-01-139271,268694,6,
273791,273798,2019-12-06_16-52-07-196121,273802,7,
278899,278908,2019-12-06_16-52-13-276764,278911,9,
284007,284015,2019-12-06_16-52-19-353428,284018,8,
289115,289122,2019-12-06_16-52-25-424504,289125,7,
294223,294231,2019-12-06_16-52-31-509053,294234,8,
299331,299337,2019-12-06_16-52-37-579731,299341,6,
304439,304444,2019-12-06_16-52-43-660740,304448,5,
309547,309593,2019-12-06_16-52-49-786152,309597,46,
314655,314666,2019-12-06_16-52-55-819954,314670,11,
319763,319770,2019-12-06_16-53-01-896597,319773,7,
324871,324877,2019-12-06_16-53-07-969839,324880,6,
329979,329987,2019-12-06_16-53-14-063893,329991,8,
335087,335094,2019-12-06_16-53-20-133944,335097,7,
340195,340201,2019-12-06_16-53-26-217735,340204,6,
345303,345310,2019-12-06_16-53-32-290228,345313,7,
350411,350420,2019-12-06_16-53-38-367337,350423,9,
355519,355527,2019-12-06_16-53-44-447809,355530,8,
360627,360636,2019-12-06_16-53-50-523622,360640,9,
365735,365742,2019-12-06_16-53-56-610485,365745,7,
370843,370914,2019-12-06_16-54-02-764710,370917,71,
375951,375992,2019-12-06_16-54-08-804839,375995,41,
381059,381066,2019-12-06_16-54-14-830051,381069,7,
386167,386174,2019-12-06_16-54-20-912911,386178,7,
391275,391283,2019-12-06_16-54-26-995089,391286,8,
396383,396390,2019-12-06_16-54-33-075723,396393,7,
401491,401498,2019-12-06_16-54-39-159465,401503,7,
406599,406606,2019-12-06_16-54-45-238529,406610,7,
411707,411714,2019-12-06_16-54-51-316060,411717,7,
416815,416821,2019-12-06_16-54-57-385929,416826,6,
421923,421931,2019-12-06_16-55-03-468574,421935,8,
427031,427039,2019-12-06_16-55-09-541876,427042,8,
432186,432194,2019-12-06_16-55-15-664451,432197,8,
437294,437348,2019-12-06_16-55-21-803705,437351,54,
442402,442409,2019-12-06_16-55-27-827701,442413,7,
447510,447516,2019-12-06_16-55-33-912338,447521,6,
452618,452626,2019-12-06_16-55-39-994336,452630,8,
457726,457733,2019-12-06_16-55-46-065595,457737,7,
462834,462840,2019-12-06_16-55-52-132339,462844,6,
467942,467952,2019-12-06_16-55-58-218606,467955,10,
473050,473057,2019-12-06_16-56-04-299340,473062,7,
478158,478166,2019-12-06_16-56-10-378393,478169,8,
483266,483274,2019-12-06_16-56-16-456563,483278,8,
488374,488380,2019-12-06_16-56-22-549662,488384,6,
493482,493489,2019-12-06_16-56-28-611876,493493,7,
498590,498760,2019-12-06_16-56-34-810456,498765,170,
503698,503713,2019-12-06_16-56-40-775594,503716,15,
508806,508811,2019-12-06_16-56-46-844265,508814,5,
513914,513924,2019-12-06_16-56-52-912260,513927,10,
519022,519029,2019-12-06_16-56-59-007102,519032,7,
524130,524144,2019-12-06_16-57-05-087197,524147,14,
529238,529244,2019-12-06_16-57-11-159802,529248,6,
534346,534352,2019-12-06_16-57-17-251807,534357,6,
539454,539462,2019-12-06_16-57-23-335690,539465,8,
544562,544571,2019-12-06_16-57-29-415423,544576,9,