RD,TS_received,TS_sent,AK,RoundTrip,
37546,37556,2019-12-05_13-58-04-667626,37559,10,
42654,42661,2019-12-05_13-58-10-732664,42664,7,
47762,47769,2019-12-05_13-58-16-831813,47772,7,
52870,52901,2019-12-05_13-58-22-931065,52904,31,
57978,57988,2019-12-05_13-58-28-994390,57991,10,
63086,63093,2019-12-05_13-58-35-063987,63097,7,
68194,68201,2019-12-05_13-58-41-137824,68204,7,
73302,73465,2019-12-05_13-58-47-366682,73469,163,
78410,78486,2019-12-05_13-58-53-376128,78491,76,
83518,83569,2019-12-05_13-58-59-427551,83573,51,
88626,88636,2019-12-05_13-59-05-453189,88639,10,
93734,93741,2019-12-05_13-59-11-535500,93745,7,
98845,98855,2019-12-05_13-59-17-605477,98858,10,
103953,103959,2019-12-05_13-59-23-692862,103962,6,
109061,109070,2019-12-05_13-59-29-757069,109074,9,
114169,114184,2019-12-05_13-59-35-839697,114188,15,
119277,119302,2019-12-05_13-59-41-919244,119305,25,
124385,124402,2019-12-05_13-59-47-999765,124406,17,
129493,129503,2019-12-05_13-59-54-052810,129506,10,
134601,134610,2019-12-05_14-00-00-128509,134613,9,
139709,139878,2019-12-05_14-00-06-206914,139881,169,
144817,144915,2019-12-05_14-00-12-390791,144918,98,
149925,150094,2019-12-05_14-00-18-484805,150097,169,
155033,155041,2019-12-05_14-00-24-442287,155044,8,
160141,160149,2019-12-05_14-00-30-507064,160152,8,
165249,165261,2019-12-05_14-00-36-578347,165265,12,
170357,170369,2019-12-05_14-00-42-640355,170372,12,
175465,175471,2019-12-05_14-00-48-720671,175474,6,
180573,180589,2019-12-05_14-00-54-806228,180592,16,
185681,185704,2019-12-05_14-01-00-882914,185709,23,
190789,190794,2019-12-05_14-01-06-943620,190797,5,
195897,195905,2019-12-05_14-01-13-008474,195908,8,
201005,201013,2019-12-05_14-01-19-074201,201016,8,
206113,206124,2019-12-05_14-01-25-142347,206127,11,
211221,211410,2019-12-05_14-01-31-429056,211414,189,
216329,216384,2019-12-05_14-01-37-353405,216387,55,
221437,221501,2019-12-05_14-01-43-453251,221505,64,
226545,226553,2019-12-05_14-01-49-451313,226556,8,
231653,231661,2019-12-05_14-01-55-525477,231664,8,
236761,236765,2019-12-05_14-02-01-590415,236768,4,
241869,241876,2019-12-05_14-02-07-680800,241880,7,
246977,246986,2019-12-05_14-02-13-748945,246989,9,
252085,252099,2019-12-05_14-02-19-830961,252102,14,
257194,257202,2019-12-05_14-02-25-880253,257205,8,
262302,262309,2019-12-05_14-02-31-961397,262312,7,
267410,267451,2019-12-05_14-02-38-081990,267454,41,
272518,272525,2019-12-05_14-02-44-124782,272528,7,
277626,277634,2019-12-05_14-02-50-189189,277638,8,
282734,282829,2019-12-05_14-02-56-382336,282832,95,
287842,287858,2019-12-05_14-03-02-358732,287861,16,
292950,292959,2019-12-05_14-03-08-433236,292962,9,
298058,298070,2019-12-05_14-03-14-508201,298073,12,
303166,303173,2019-12-05_14-03-20-576601,303177,7,
308274,308282,2019-12-05_14-03-26-642666,308285,8,
313382,313394,2019-12-05_14-03-32-740241,313397,12,
318490,318498,2019-12-05_14-03-38-815284,318503,8,
323598,323604,2019-12-05_14-03-44-895471,323607,6,
329271,329286,2019-12-05_14-03-51-656653,329290,15,
334379,334392,2019-12-05_14-03-57-719078,334395,13,
339487,339496,2019-12-05_14-04-03-792767,339499,9,
344595,344602,2019-12-05_14-04-09-867166,344606,7,
349703,349712,2019-12-05_14-04-15-968913,349715,9,
354811,354818,2019-12-05_14-04-22-042028,354822,7,
359919,359925,2019-12-05_14-04-28-123048,359928,6,
365027,365188,2019-12-05_14-04-34-368632,365192,161,
370135,370294,2019-12-05_14-04-40-396630,370297,159,
375243,375262,2019-12-05_14-04-46-362252,375266,19,
380351,380358,2019-12-05_14-04-52-424732,380361,7,
385459,385466,2019-12-05_14-04-58-494202,385471,7,
390567,390572,2019-12-05_14-05-04-558488,390575,5,
395675,395681,2019-12-05_14-05-10-629624,395684,6,
400784,400810,2019-12-05_14-05-16-731990,400813,26,
405892,405899,2019-12-05_14-05-22-793646,405903,7,
411000,411012,2019-12-05_14-05-28-869353,411016,12,
416108,416119,2019-12-05_14-05-34-939842,416122,11,
421216,421277,2019-12-05_14-05-41-083457,421280,61,
426912,426922,2019-12-05_14-05-47-773833,426925,10,
432020,432026,2019-12-05_14-05-53-868003,432029,6,
437128,437135,2019-12-05_14-05-59-939809,437139,7,
442236,442244,2019-12-05_14-06-06-018918,442247,8,
447344,447351,2019-12-05_14-06-12-079985,447355,7,
452452,452460,2019-12-05_14-06-18-158242,452463,8,
457560,457720,2019-12-05_14-06-24-353245,457723,160,
462668,462746,2019-12-05_14-06-30-388805,462749,78,
467776,467798,2019-12-05_14-06-36-401093,467801,22,
472884,472890,2019-12-05_14-06-42-442913,472893,6,
477992,478007,2019-12-05_14-06-48-538060,478010,15,
483100,483108,2019-12-05_14-06-54-605288,483111,8,
488208,488216,2019-12-05_14-07-00-686828,488219,8,
493316,493324,2019-12-05_14-07-06-771888,493327,8,
498424,498435,2019-12-05_14-07-12-838910,498438,11,
503532,503542,2019-12-05_14-07-18-931227,503547,10,
508640,508646,2019-12-05_14-07-24-999918,508649,6,
513748,513758,2019-12-05_14-07-31-078449,513763,10,
518856,518864,2019-12-05_14-07-37-168086,518867,8,
523964,524128,2019-12-05_14-07-43-379088,524132,164,
529072,529080,2019-12-05_14-07-49-334022,529083,8,
534180,534186,2019-12-05_14-07-55-420958,534191,6,
539288,539316,2019-12-05_14-08-01-527142,539319,28,
544396,544403,2019-12-05_14-08-07-575646,544406,7,
549504,549532,2019-12-05_14-08-13-687481,549535,28,
554612,554617,2019-12-05_14-08-19-742491,554622,5,
559720,559726,2019-12-05_14-08-25-820328,559729,6,
564828,564836,2019-12-05_14-08-31-878918,564839,8,